0_0.png 0 NoCar 0 0 126 121 
0_1.png 0 NoCar 79 0 229 121 
0_2.png 0 NoCar 182 0 332 121 
0_3.png 0 NoCar 285 0 435 121 
0_4.png 0 NoCar 388 0 538 121 
0_5.png 0 NoCar 491 0 641 121 
0_6.png 0 NoCar 594 0 744 121 
0_7.png 0 NoCar 697 0 847 121 
0_8.png 0 NoCar 800 0 950 121 
0_9.png 0 NoCar 903 0 1053 121 
0_10.png 0 NoCar 1006 0 1156 121 
0_11.png 0 NoCar 1109 0 1242 121 
0_12.png 0 NoCar 0 64 126 214 
0_13.png 0 NoCar 79 64 229 214 
0_14.png 0 NoCar 182 64 332 214 
0_15.png 1 Car 285 64 435 214 
0_16.png 1 Car 388 64 538 214 
0_17.png 0 NoCar 491 64 641 214 
0_18.png 1 Car 594 64 744 214 
0_19.png 1 Car 697 64 847 214 
0_20.png 0 NoCar 800 64 950 214 
0_21.png 0 NoCar 903 64 1053 214 
0_22.png 0 NoCar 1006 64 1156 214 
0_23.png 0 NoCar 1109 64 1242 214 
0_24.png 0 NoCar 0 157 126 307 
0_25.png 0 NoCar 79 157 229 307 
0_26.png 0 NoCar 182 157 332 307 
0_27.png 1 Car 285 157 435 307 
0_28.png 1 Car 388 157 538 307 
0_29.png 0 NoCar 491 157 641 307 
0_30.png 1 Car 594 157 744 307 
0_31.png 1 Car 697 157 847 307 
0_32.png 0 NoCar 800 157 950 307 
0_33.png 0 NoCar 903 157 1053 307 
0_34.png 0 NoCar 1006 157 1156 307 
0_35.png 0 NoCar 1109 157 1242 307 
0_36.png 0 NoCar 0 250 126 375 
0_37.png 0 NoCar 79 250 229 375 
0_38.png 0 NoCar 182 250 332 375 
0_39.png 0 NoCar 285 250 435 375 
0_40.png 0 NoCar 388 250 538 375 
0_41.png 0 NoCar 491 250 641 375 
0_42.png 0 NoCar 594 250 744 375 
0_43.png 0 NoCar 697 250 847 375 
0_44.png 0 NoCar 800 250 950 375 
0_45.png 0 NoCar 903 250 1053 375 
0_46.png 0 NoCar 1006 250 1156 375 
0_47.png 0 NoCar 1109 250 1242 375 
